summary_timeline	0	6029312	6291456	7077888	9437184	9437184	9437184	9437184
summary_timeline	250000000	6029312	6553600	6815744	7077888	7077888	7077888	7077888
summary_timeline	500000000	6291456	6553600	6553600	7077888	7077888	7077888	7077888
summary_timeline	750000000	5767168	6029312	6291456	6815744	6815744	6815744	6815744
summary_timeline	1000000000	6291456	6553600	7340032	8388608	8388608	8388608	8388608
summary_timeline	1250000000	6029312	6029312	6815744	9961472	9961472	9961472	9961472
summary_timeline	1500000000	6029312	6553600	7340032	8388608	8388608	8388608	8388608
summary_timeline	1750000000	6029312	6553600	7340032	7864320	7864320	7864320	7864320
summary_timeline	2000000000	8388608	9437184	11010048	23068672	23068672	23068672	23068672
summary_timeline	2250000000	7077888	8126464	9961472	11010048	11010048	11010048	11010048
summary_timeline	2500000000	6029312	6291456	6553600	7864320	7864320	7864320	7864320
summary_timeline	2750000000	6029312	6291456	6815744	7864320	7864320	7864320	7864320
summary_timeline	3000000000	6291456	6553600	7077888	7864320	7864320	7864320	7864320
summary_timeline	3250000000	6029312	6291456	6815744	8388608	8388608	8388608	8388608
summary_timeline	3500000000	6291456	6553600	6815744	7602176	7602176	7602176	7602176
summary_timeline	3750000000	6029312	6291456	6553600	7864320	7864320	7864320	7864320
summary_timeline	4000000000	6029312	6029312	6291456	7077888	7077888	7077888	7077888
summary_timeline	4250000000	6029312	6291456	6815744	8126464	8126464	8126464	8126464
summary_timeline	4500000000	6029312	6291456	6553600	8126464	8126464	8126464	8126464
summary_timeline	4750000000	6029312	6291456	7077888	8126464	8126464	8126464	8126464
summary_timeline	5000000000	6291456	6553600	6553600	7602176	7602176	7602176	7602176
summary_timeline	5250000000	6029312	6553600	6553600	6815744	6815744	6815744	6815744
summary_timeline	5500000000	5767168	6291456	7077888	8388608	8388608	8388608	8388608
summary_timeline	5750000000	5767168	6029312	6291456	7340032	7340032	7340032	7340032
summary_timeline	6000000000	6029312	6291456	6291456	6815744	6815744	6815744	6815744
summary_timeline	6250000000	6029312	6291456	6815744	7602176	7602176	7602176	7602176
summary_timeline	6500000000	6029312	6291456	6553600	7864320	7864320	7864320	7864320
summary_timeline	6750000000	6291456	6815744	7077888	7602176	7602176	7602176	7602176
summary_timeline	7000000000	6553600	6815744	7340032	7864320	7864320	7864320	7864320
summary_timeline	7250000000	6553600	6553600	7340032	8912896	8912896	8912896	8912896
summary_timeline	7500000000	6291456	6553600	6815744	7340032	7340032	7340032	7340032
summary_timeline	7750000000	6291456	6553600	6815744	7077888	7077888	7077888	7077888
summary_timeline	8000000000	6291456	6815744	7077888	7340032	7340032	7340032	7340032
summary_timeline	8250000000	6553600	6815744	7077888	9437184	9437184	9437184	9437184
summary_timeline	8500000000	6291456	6553600	6815744	7864320	7864320	7864320	7864320
summary_timeline	8750000000	6291456	6815744	7077888	7602176	7602176	7602176	7602176
summary_timeline	9000000000	6029312	6553600	6815744	7340032	7340032	7340032	7340032
summary_timeline	9250000000	6029312	6553600	6815744	7340032	7340032	7340032	7340032
summary_timeline	9500000000	6291456	6553600	6815744	7077888	7077888	7077888	7077888
summary_timeline	9750000000	6029312	6553600	7077888	7602176	7602176	7602176	7602176
summary_timeline	10000000000	6029312	6291456	6553600	7077888	7077888	7077888	7077888
summary_timeline	10250000000	6291456	6553600	6815744	7340032	7340032	7340032	7340032
summary_timeline	10500000000	6029312	6291456	6553600	7077888	7077888	7077888	7077888
summary_timeline	10750000000	6029312	6291456	6553600	9961472	9961472	9961472	9961472
summary_timeline	11000000000	5767168	6029312	6291456	6815744	6815744	6815744	6815744
summary_timeline	11250000000	6029312	6029312	6553600	7602176	7602176	7602176	7602176
summary_timeline	11500000000	5767168	6029312	6553600	7340032	7340032	7340032	7340032
summary_timeline	11750000000	5767168	6029312	6291456	6815744	6815744	6815744	6815744
summary_timeline	12000000000	6029312	6291456	6553600	6815744	6815744	6815744	6815744
summary_timeline	12250000000	6029312	6291456	6815744	7602176	7602176	7602176	7602176
summary_timeline	12500000000	6291456	6815744	6815744	7077888	7077888	7077888	7077888
summary_timeline	12750000000	6029312	6291456	6553600	7077888	7077888	7077888	7077888
summary_timeline	13000000000	6029312	6553600	6815744	7077888	7077888	7077888	7077888
summary_timeline	13250000000	6815744	9437184	15728640	71303168	71303168	71303168	71303168
summary_timeline	13500000000	8912896	9437184	10485760	12058624	12058624	12058624	12058624
summary_timeline	13750000000	7602176	7864320	9437184	12058624	12058624	12058624	12058624
summary_timeline	14000000000	7864320	8388608	9961472	11534336	11534336	11534336	11534336
summary_timeline	14250000000	7602176	8388608	9437184	11534336	11534336	11534336	11534336
summary_timeline	14500000000	8388608	8912896	10485760	14155776	14155776	14155776	14155776
summary_timeline	14750000000	7602176	8126464	9961472	11010048	11010048	11010048	11010048
summary_timeline	15000000000	7602176	8126464	9961472	11010048	11010048	11010048	11010048
summary_timeline	15250000000	7602176	8388608	10485760	11010048	11010048	11010048	11010048
summary_timeline	15500000000	7602176	8912896	10485760	11534336	11534336	11534336	11534336
summary_timeline	15750000000	7340032	8912896	9961472	10485760	10485760	10485760	10485760
summary_timeline	16000000000	7340032	7602176	9437184	11010048	11010048	11010048	11010048
summary_timeline	16250000000	9437184	9961472	10485760	11534336	11534336	11534336	11534336
summary_timeline	16500000000	7864320	8912896	9437184	10485760	10485760	10485760	10485760
summary_timeline	16750000000	8126464	9437184	10485760	11010048	11010048	11010048	11010048
summary_timeline	17000000000	7602176	8126464	9437184	11534336	11534336	11534336	11534336
summary_timeline	17250000000	7602176	9437184	11010048	11534336	11534336	11534336	11534336
summary_timeline	17500000000	8126464	9437184	10485760	11010048	11010048	11010048	11010048
summary_timeline	17750000000	8126464	8912896	9961472	12582912	12582912	12582912	12582912
summary_timeline	18000000000	8388608	8912896	9961472	10485760	10485760	10485760	10485760
summary_timeline	18250000000	7340032	8126464	9961472	10485760	10485760	10485760	10485760
summary_timeline	18500000000	7864320	8388608	9961472	10485760	10485760	10485760	10485760
summary_timeline	18750000000	7077888	7602176	8912896	10485760	10485760	10485760	10485760
summary_timeline	19000000000	7340032	7602176	8126464	9961472	9961472	9961472	9961472
summary_timeline	19250000000	7602176	9437184	10485760	13107200	13107200	13107200	13107200
summary_timeline	19500000000	7077888	7340032	8126464	11010048	11010048	11010048	11010048
summary_timeline	19750000000	7864320	8388608	9961472	11010048	11010048	11010048	11010048
summary_timeline	20000000000	7340032	8126464	9437184	11534336	11534336	11534336	11534336
summary_timeline	20250000000	7864320	8126464	9437184	10485760	10485760	10485760	10485760
summary_timeline	20500000000	7864320	8126464	10485760	11534336	11534336	11534336	11534336
summary_timeline	20750000000	7602176	7864320	8388608	9961472	9961472	9961472	9961472
summary_timeline	21000000000	7340032	7602176	8126464	9961472	9961472	9961472	9961472
summary_timeline	21250000000	8912896	10485760	11010048	12058624	12058624	12058624	12058624
summary_timeline	21500000000	7602176	7864320	9437184	11010048	11010048	11010048	11010048
summary_timeline	21750000000	7864320	9437184	9961472	11534336	11534336	11534336	11534336
summary_timeline	22000000000	7602176	8388608	9437184	9961472	9961472	9961472	9961472
summary_timeline	22250000000	8126464	8912896	9961472	11010048	11010048	11010048	11010048
summary_timeline	22500000000	7602176	8126464	11010048	13107200	13107200	13107200	13107200
summary_timeline	22750000000	7077888	7602176	8388608	9961472	9961472	9961472	9961472
summary_timeline	23000000000	7602176	8388608	10485760	12058624	12058624	12058624	12058624
summary_timeline	23250000000	7602176	8388608	9961472	12058624	12058624	12058624	12058624
summary_timeline	23500000000	7077888	7602176	8388608	10485760	10485760	10485760	10485760
summary_timeline	23750000000	8912896	9961472	10485760	11534336	11534336	11534336	11534336
summary_timeline	24000000000	7340032	7864320	10485760	11534336	11534336	11534336	11534336
summary_timeline	24250000000	8388608	9437184	10485760	18874368	18874368	18874368	18874368
summary_timeline	24500000000	7864320	9437184	10485760	16777216	16777216	16777216	16777216
summary_timeline	24750000000	7340032	7864320	9437184	11534336	11534336	11534336	11534336
summary_timeline	25000000000	8126464	9437184	9961472	11010048	11010048	11010048	11010048
summary_timeline	25250000000	7340032	8126464	9437184	11010048	11010048	11010048	11010048
summary_timeline	25500000000	8912896	9437184	10485760	14680064	14680064	14680064	14680064
summary_timeline	25750000000	8388608	9437184	9961472	12582912	12582912	12582912	12582912
summary_timeline	26000000000	7864320	8912896	10485760	11534336	11534336	11534336	11534336
summary_timeline	26250000000	8912896	9961472	10485760	18874368	18874368	18874368	18874368
summary_timeline	26500000000	8388608	9437184	46137344	100663296	100663296	100663296	100663296
summary_timeline	26750000000	9961472	10485760	11534336	25165824	25165824	25165824	25165824
summary_timeline	27000000000	9961472	10485760	13107200	24117248	24117248	24117248	24117248
summary_timeline	27250000000	9961472	11010048	13107200	18874368	18874368	18874368	18874368
summary_timeline	27500000000	10485760	11010048	12058624	20971520	20971520	20971520	20971520
summary_timeline	27750000000	9961472	10485760	12582912	14155776	14155776	14155776	14155776
summary_timeline	28000000000	9961472	10485760	12582912	24117248	24117248	24117248	24117248
summary_timeline	28250000000	11010048	11534336	13107200	23068672	23068672	23068672	23068672
summary_timeline	28500000000	10485760	10485760	11534336	13107200	13107200	13107200	13107200
summary_timeline	28750000000	10485760	11010048	14155776	22020096	22020096	22020096	22020096
summary_timeline	29000000000	10485760	11010048	12058624	18874368	18874368	18874368	18874368
summary_timeline	29250000000	9961472	11010048	12058624	29360128	29360128	29360128	29360128
summary_timeline	29500000000	9961472	10485760	11534336	16252928	16252928	16252928	16252928
summary_timeline	29750000000	10485760	11010048	11534336	19922944	19922944	19922944	19922944
summary_timeline	30000000000	11010048	11534336	12058624	13107200	13107200	13107200	13107200
summary_timeline	30250000000	11010048	11010048	14680064	22020096	22020096	22020096	22020096
summary_timeline	30500000000	11010048	11534336	12058624	15728640	15728640	15728640	15728640
summary_timeline	30750000000	10485760	11010048	12058624	22020096	22020096	22020096	22020096
summary_timeline	31000000000	11010048	11534336	13631488	37748736	37748736	37748736	37748736
summary_timeline	31250000000	10485760	11010048	12582912	19922944	19922944	19922944	19922944
summary_timeline	31500000000	10485760	11534336	13107200	18874368	18874368	18874368	18874368
summary_timeline	31750000000	10485760	10485760	13107200	20971520	20971520	20971520	20971520
summary_timeline	32000000000	10485760	11010048	13107200	19922944	19922944	19922944	19922944
summary_timeline	32250000000	11010048	11010048	13107200	22020096	22020096	22020096	22020096
summary_timeline	32500000000	9961472	10485760	11534336	24117248	24117248	24117248	24117248
summary_timeline	32750000000	9961472	10485760	11010048	19922944	19922944	19922944	19922944
summary_timeline	33000000000	9961472	11010048	11534336	22020096	22020096	22020096	22020096
summary_timeline	33250000000	10485760	11010048	12058624	19922944	19922944	19922944	19922944
summary_timeline	33500000000	11010048	12058624	13631488	24117248	24117248	24117248	24117248
summary_timeline	33750000000	10485760	10485760	11534336	13107200	13107200	13107200	13107200
summary_timeline	34000000000	10485760	11534336	14680064	27262976	27262976	27262976	27262976
summary_timeline	34250000000	10485760	11534336	12058624	14155776	14155776	14155776	14155776
summary_timeline	34500000000	9961472	11534336	16777216	23068672	23068672	23068672	23068672
summary_timeline	34750000000	10485760	11010048	12058624	17825792	17825792	17825792	17825792
summary_timeline	35000000000	9961472	11534336	12058624	20971520	20971520	20971520	20971520
summary_timeline	35250000000	10485760	12058624	14155776	22020096	22020096	22020096	22020096
summary_timeline	35500000000	9437184	10485760	11010048	22020096	22020096	22020096	22020096
summary_timeline	35750000000	10485760	11010048	13631488	23068672	23068672	23068672	23068672
summary_timeline	36000000000	9961472	11534336	13107200	18874368	18874368	18874368	18874368
summary_timeline	36250000000	11010048	11534336	13107200	16777216	16777216	16777216	16777216
summary_timeline	36500000000	9961472	11010048	11534336	18874368	18874368	18874368	18874368
summary_timeline	36750000000	11010048	11534336	13107200	23068672	23068672	23068672	23068672
summary_timeline	37000000000	9961472	11010048	14680064	27262976	27262976	27262976	27262976
summary_timeline	37250000000	9961472	10485760	11534336	19922944	19922944	19922944	19922944
summary_timeline	37500000000	10485760	11010048	12058624	18874368	18874368	18874368	18874368
summary_timeline	37750000000	11010048	11010048	12582912	19922944	19922944	19922944	19922944
summary_timeline	38000000000	10485760	11010048	12058624	24117248	24117248	24117248	24117248
summary_timeline	38250000000	10485760	11534336	13107200	23068672	23068672	23068672	23068672
summary_timeline	38500000000	9961472	11010048	14155776	24117248	24117248	24117248	24117248
summary_timeline	38750000000	10485760	11010048	11534336	17825792	17825792	17825792	17825792
summary_timeline	39000000000	10485760	11010048	12058624	20971520	20971520	20971520	20971520
summary_timeline	39250000000	9961472	11010048	13631488	23068672	23068672	23068672	23068672
summary_timeline	39500000000	10485760	11010048	12582912	17825792	17825792	17825792	17825792
summary_timeline	39750000000	10485760	11010048	12058624	16252928	16252928	16252928	16252928
spawn_metric	13333516670	13834043094
spawn_metric	26668221236	27169159615
